#
record	seqId	1928.SRS011175.SRX020666.SRR044910	1928.SRS011175.SRX020669.SRR045292	1928.SRS011289.SRX020666.SRR044982	1928.SRS011289.SRX020669.SRR045353	1928.SRS011373.SRX020666.SRR044979	1928.SRS011373.SRX020669.SRR045350	1928.SRS011433.SRX020666.SRR044933	1928.SRS011433.SRX020669.SRR045315	1928.SRS011470.SRX020666.SRR044918	1928.SRS011470.SRX020669.SRR045299	1928.SRS011496.SRX020666.SRR047478	1928.SRS011496.SRX020669.SRR045290	1928.SRS011520.SRX020666.SRR044927	1928.SRS011520.SRX020669.SRR045309	1928.SRS011547.SRX020666.SRR044932	1928.SRS011547.SRX020669.SRR045314	1928.SRS011571.SRX020666.SRR044960	1928.SRS011571.SRX020669.SRR045336	1928.SRS011604.SRX020666.SRR044976	1928.SRS011604.SRX020669.SRR045347	1928.SRS011638.SRX020666.SRR044977	1928.SRS011638.SRX020669.SRR045348	1928.SRS011671.SRX020666.SRR044981	1928.SRS011671.SRX020669.SRR045352	1928.SRS013141.SRX019639.SRR041062	1928.SRS013203.SRX019681.SRR040955	1928.SRS013255.SRX019639.SRR040743	1928.SRS013474.SRX019692.SRR041809	1928.SRS013474.SRX019696.SRR041884	1928.SRS013516.SRX019683.SRR041063	1928.SRS013516.SRX019694.SRR041892	1928.SRS013569.SRX020681.SRR048266	1928.SRS013664.SRX019690.SRR041547	1928.SRS013729.SRX019690.SRR041587	1928.SRS013788.SRX020680.SRR048121	1928.SRS014367.SRX020558.SRR048944	1928.SRS014424.SRX020551.SRR045538	1928.SRS014424.SRX020560.SRR043637	1928.SRS014554.SRX020555.SRR045723	1928.SRS014605.SRX020555.SRR045730	1928.SRS014677.SRX020551.SRR045548	1928.SRS014677.SRX020560.SRR043592	1928.SRS014764.SRX020558.SRR043770	1928.SRS014821.SRX020555.SRR045707	1928.SRS014875.SRX020558.SRR043774	1928.SRS014921.SRX020555.SRR045702	1928.SRS014966.SRX020576.SRR047650	1928.SRS015035.SRX020535.SRR044098	1928.SRS015131.SRX020555.SRR045679	1928.SRS015188.SRX020558.SRR043788	1928.SRS015245.SRX020535.SRR049850	1928.SRS015311.SRX020558.SRR043757	1928.SRS015368.SRX020535.SRR044115	1928.SRS015409.SRX020555.SRR045683	1928.SRS015472.SRX020545.SRR044736	1928.SRS015472.SRX020564.SRR047454	1928.SRS015530.SRX020573.SRR047410	1928.SRS015576.SRX020535.SRR043981	1928.SRS015635.SRX020573.SRR044239	1928.SRS015683.SRX020573.SRR044278	1928.SRS015722.SRX020573.SRR044208	1928.SRS015788.SRX020573.SRR044275	1928.SRS015835.SRX020562.SRR044704	1928.SRS015884.SRX020558.SRR043748	1928.SRS015931.SRX020510.SRR044583	1928.SRS015931.SRX020520.SRR044613	1928.SRS015980.SRX020573.SRR047419	1928.SRS016016.SRX020529.SRR049447	1928.SRS016016.SRX020573.SRR044214	1928.SRS016074.SRX020522.SRR044411	1928.SRS016131.SRX020522.SRR044397	1928.SRS016168.SRX020573.SRR044263	1928.SRS016239.SRX020522.SRR044440	1928.SRS016283.SRX020535.SRR044114	1928.SRS016333.SRX020522.SRR044405	1928.SRS016364.SRX019682.SRR040931	1928.SRS016426.SRX019688.SRR041386	1928.SRS016476.SRX019686.SRR041238	1928.SRS016543.SRX019683.SRR041150	1928.SRS016543.SRX019694.SRR041699	1928.SRS016610.SRX019686.SRR041205	1928.SRS016669.SRX019691.SRR041632	1928.SRS016726.SRX019682.SRR040989	1928.SRS016779.SRX019688.SRR041397	1928.SRS016880.SRX019692.SRR041944	1928.SRS016880.SRX019696.SRR041802	1928.SRS016942.SRX019681.SRR040963	1928.SRS017029.SRX019691.SRR041515	1928.SRS017090.SRX019687.SRR041219	1928.SRS017142.SRX019684.SRR041060	1928.SRS017142.SRX019695.SRR041990	1928.SRS017230.SRX019688.SRR041367	1928.SRS017292.SRX019686.SRR041229	1928.SRS017363.SRX019687.SRR041316	1928.SRS017420.SRX019683.SRR041026	1928.SRS017420.SRX019694.SRR041895	1928.SRS017481.SRX019687.SRR041305	1928.SRS017547.SRX019683.SRR041108	1928.SRS017547.SRX019694.SRR041975	1928.SRS017667.SRX019683.SRR041006	1928.SRS017667.SRX019694.SRR041725	1928.SRS017727.SRX019687.SRR041319	1928.SRS017790.SRX019639.SRR040699	1928.SRS017847.SRX019691.SRR041578	1928.SRS017904.SRX019688.SRR041490	1928.SRS017961.SRX019690.SRR041640	1928.SRS018023.SRX019639.SRR040709	1928.SRS018102.SRX019683.SRR041072	1928.SRS018102.SRX019694.SRR041907	1928.SRS018159.SRX019682.SRR040864	1928.SRS018216.SRX019639.SRR040739	1928.SRS018276.SRX019687.SRR041357	1928.SRS018339.SRX019691.SRR041644	1928.SRS018396.SRX019688.SRR041455	1928.SRS018453.SRX019684.SRR041113	1928.SRS018453.SRX019695.SRR041900	1928.SRS018515.SRX019639.SRR040725	1928.SRS018605.SRX020530.SRR045936	1928.SRS018605.SRX020576.SRR047653	1928.SRS018753.SRX020522.SRR044442	1928.SRS018805.SRX020530.SRR045800	1928.SRS018805.SRX020576.SRR046136	1928.SRS018999.SRX020510.SRR044587	1928.SRS018999.SRX020520.SRR044617	1928.SRS019109.SRX020545.SRR044760	1928.SRS019109.SRX020564.SRR044733	1928.SRS019261.SRX020522.SRR044409	1928.SRS019580.SRX020551.SRR045500	1928.SRS019580.SRX020560.SRR043597	1928.SRS019673.SRX020530.SRR045878	1928.SRS019673.SRX020576.SRR046204	1928.SRS019771.SRX020535.SRR044112	1928.SRS019908.SRX020522.SRR044380	1928.SRS020016.SRX019683.SRR041027	1928.SRS020016.SRX019694.SRR041880	1928.SRS020145.SRX020680.SRR048134	1928.SRS020145.SRX020683.SRR048377	1928.SRS020202.SRX020680.SRR048149	1928.SRS020259.SRX019683.SRR041074	1928.SRS020259.SRX019694.SRR042006	1928.SRS020316.SRX019684.SRR041182	1928.SRS020316.SRX019695.SRR041813	1928.SRS020376.SRX019691.SRR041595	1928.SRS020439.SRX019682.SRR040871	1928.SRS020496.SRX022230.SRR058093	1928.SRS020553.SRX019684.SRR041073	1928.SRS020553.SRX019695.SRR041672	1928.SRS020610.SRX022230.SRR058093	1928.SRS020667.SRX022230.SRR058093	1928.SRS020724.SRX022239.SRR058109	1928.SRS020781.SRX022235.SRR058095	1928.SRS020837.SRX022230.SRR058093	1928.SRS020895.SRX019691.SRR041649	1928.SRS020952.SRX022239.SRR058109	1928.SRS021009.SRX022235.SRR058095	1928.SRS021091.SRX022230.SRR058093	1928.SRS021135.SRX022230.SRR058093	1928.SRS021201.SRX022239.SRR058109	1928.SRS021267.SRX022239.SRR058109	1928.SRS021330.SRX022235.SRR058095	1928.SRS021390.SRX022239.SRR058109	1928.SRS021453.SRX022239.SRR058109	1928.SRS021510.SRX019690.SRR041635	1928.SRS021567.SRX020679.SRR048089	1928.SRS021627.SRX020679.SRR048051	1928.SRS021690.SRX022235.SRR058095	1928.SRS021750.SRX022231.SRR058120	1928.SRS021816.SRX022235.SRR058095	1928.SRS021879.SRX022235.SRR058095	1928.SRS021936.SRX020682.SRR048303	1928.SRS021996.SRX019683.SRR041186	1928.SRS021996.SRX019694.SRR041678	1928.SRS022059.SRX022231.SRR058120	1928.SRS022119.SRX019690.SRR041549	1928.SRS022185.SRX022231.SRR058120	1928.SRS022251.SRX022231.SRR058120	1928.SRS022317.SRX022231.SRR058120	1928.SRS022380.SRX022226.SRR058089	1928.SRS022440.SRX020680.SRR048195	1928.SRS022506.SRX020680.SRR048177	1928.SRS022572.SRX022226.SRR058089	1928.SRS022572.SRX022237.SRR058114	1928.SRS022635.SRX019692.SRR041670	1928.SRS022635.SRX019696.SRR041794	1928.SRS022695.SRX022226.SRR058089	1928.SRS022761.SRX022226.SRR058089	1928.SRS022761.SRX022237.SRR058114	1928.SRS022824.SRX022223.SRR058086	1928.SRS022884.SRX022226.SRR058089	1928.SRS022950.SRX020683.SRR048417	1928.SRS023013.SRX020679.SRR048062	1928.SRS023013.SRX020683.SRR048365	1928.SRS023073.SRX020679.SRR048116	1928.SRS023132.SRX022226.SRR058089	1928.SRS023202.SRX019692.SRR041688	1928.SRS023202.SRX019696.SRR041760	1928.SRS023268.SRX022223.SRR058086	1928.SRS023328.SRX022223.SRR058086	1928.SRS023391.SRX022223.SRR058086	1928.SRS023448.SRX020680.SRR048163	1928.SRS023514.SRX020681.SRR048229	1928.SRS023514.SRX020683.SRR048394	1928.SRS023571.SRX019686.SRR041208	1928.SRS023631.SRX019683.SRR041085	1928.SRS023631.SRX019694.SRR041718	1928.SRS023697.SRX022223.SRR058086	1928.SRS023760.SRX019681.SRR040971	1928.SRS023817.SRX021470.SRR052699	1928.SRS023877.SRX020681.SRR048213	1928.SRS023877.SRX020683.SRR048389	1928.SRS023940.SRX019690.SRR041533	1928.SRS023997.SRX019681.SRR040933	1928.SRS024054.SRX019681.SRR040882	1928.SRS024120.SRX019686.SRR041199	1928.SRS024177.SRX019683.SRR041097	1928.SRS024177.SRX019694.SRR041788	1928.SRS024234.SRX019692.SRR041692	1928.SRS024234.SRX019696.SRR042000	1928.SRS024291.SRX019692.SRR041853	1928.SRS024291.SRX019696.SRR041779	1928.SRS024357.SRX019684.SRR041110	1928.SRS024357.SRX019695.SRR041767	1928.SRS024414.SRX019683.SRR041107	1928.SRS024414.SRX019694.SRR041950	1928.SRS024480.SRX019684.SRR041126	1928.SRS024480.SRX019695.SRR041675	1928.SRS024537.SRX020680.SRR048182	1928.SRS024594.SRX019639.SRR040733	1928.SRS024651.SRX019687.SRR041252	1928.SRS024708.SRX021470.SRR052699	1928.SRS042087.SRX021470.SRR052699	1928.SRS042585.SRX020685.SRR048564	1928.SRS042680.SRX020685.SRR048514	1928.SRS042857.SRX020514.SRR046688	1928.SRS043032.SRX020531.SRR047616	1928.SRS043032.SRX020544.SRR047578	1928.SRS043034.SRX019688.SRR041418	1928.SRS043924.SRX021470.SRR052699	1928.SRS044192.SRX022227.SRR058090	1928.SRS044297.SRX022036.SRR057609	1928.SRS044339.SRX022227.SRR058090	1928.SRS044435.SRX020530.SRR045855	1928.SRS044435.SRX020576.SRR046194	1928.SRS044630.SRX020681.SRR048252	1928.SRS044683.SRX020686.SRR048583	1928.SRS044700.SRX020665.SRR046266	1928.SRS044702.SRX020518.SRR047221	1928.SRS044901.SRX020665.SRR047669	1928.SRS045215.SRX020563.SRR046393	1928.SRS045364.SRX020533.SRR046838	1928.SRS045387.SRX020558.SRR043789	1928.SRS045460.SRX020518.SRR047219	1928.SRS045567.SRX020686.SRR048605	1928.SRS045771.SRX022227.SRR058090	1928.SRS046408.SRX022222.SRR058085	1928.SRS046495.SRX019685.SRR041140	1928.SRS046495.SRX019697.SRR041946	1928.SRS046514.SRX020518.SRR047207	1928.SRS046586.SRX020665.SRR049373	1928.SRS046703.SRX020684.SRR048497	1928.SRS046929.SRX022036.SRR057609	1928.SRS046956.SRX021470.SRR052699	1928.SRS047088.SRX020686.SRR048617	1928.SRS047158.SRX020514.SRR046775	1928.SRS047180.SRX020533.SRR049498	1928.SRS047280.SRX022036.SRR057609	1928.SRS047280.SRX022240.SRR058096	1928.SRS047554.SRX022036.SRR057609	1928.SRS047554.SRX022240.SRR058096	1928.SRS047584.SRX019682.SRR040848	1928.SRS047658.SRX022036.SRR057609	1928.SRS047760.SRX022036.SRR057609	1928.SRS047765.SRX020686.SRR048650	1928.SRS048195.SRX020687.SRR048699	1928.SRS048237.SRX020542.SRR046369	1928.SRS048240.SRX022222.SRR058085	1928.SRS048891.SRX020688.SRR048763	1928.SRS049196.SRX020681.SRR048279	1928.SRS049196.SRX020683.SRR048409	1928.SRS049323.SRX020687.SRR048662	1928.SRS049521.SRX020518.SRR047203	1928.SRS049622.SRX020533.SRR046797	1928.SRS049648.SRX020533.SRR049506	1928.SRS049990.SRX022222.SRR058085	1928.SRS050114.SRX020533.SRR046862	1928.SRS050262.SRX020533.SRR049534	1928.SRS050408.SRX020684.SRR048469	1928.SRS050493.SRX020518.SRR047198	1928.SRS050617.SRX020514.SRR049507	1928.SRS050958.SRX020533.SRR046650	1928.SRS051849.SRX020514.SRR046840	1928.SRS052060.SRX022221.SRR058084	1928.SRS052060.SRX022222.SRR058085	1928.SRS052098.SRX022036.SRR057609	1928.SRS052199.SRX020686.SRR048635	1928.SRS052230.SRX020535.SRR049837	1928.SRS052249.SRX022222.SRR058085	1928.SRS052265.SRX020684.SRR048438	1928.SRS052408.SRX020685.SRR048551	1928.SRS052454.SRX020518.SRR047194	1928.SRS052615.SRX022227.SRR058090	1928.SRS052615.SRX022240.SRR058096	1928.SRS052630.SRX020685.SRR048538	1928.SRS052640.SRX022227.SRR058090	1928.SRS052681.SRX022242.SRR058098	1928.SRS052682.SRX020518.SRR047199	1928.SRS053059.SRX020686.SRR048595	1928.SRS053216.SRX020531.SRR046049	1928.SRS053216.SRX020544.SRR045920	1928.SRS053288.SRX022221.SRR058084	1928.SRS053288.SRX022227.SRR058090	1928.SRS053569.SRX020684.SRR048454	1928.SRS054669.SRX020531.SRR049351	1928.SRS055161.SRX020551.SRR047539	1928.SRS055161.SRX020560.SRR043634	1928.SRS055211.SRX021470.SRR052699	1928.SRS055211.SRX022237.SRR058114	1928.SRS055278.SRX022221.SRR058084	1928.SRS055278.SRX022227.SRR058090	1928.SRS055432.SRX020685.SRR048526	1928.SRS055461.SRX020558.SRR043765	1928.SRS055625.SRX019682.SRR040935	1928.SRS056167.SRX020684.SRR048483	1928.SRS056396.SRX020514.SRR046722	1928.SRS056493.SRX020514.SRR046772	1928.SRS056498.SRX020530.SRR045803	1928.SRS056498.SRX020576.SRR046185	1928.SRS057046.SRX020533.SRR049495	1928.SRS057051.SRX022036.SRR057609	1928.SRS057051.SRX022240.SRR058096	1928.SRS057069.SRX020531.SRR046048	1928.SRS057069.SRX020544.SRR049342	1928.SRS057450.SRX020551.SRR045509	1928.SRS057450.SRX020560.SRR043618	1928.SRS057569.SRX020665.SRR046271	1928.SRS058210.SRX020681.SRR048240	1928.SRS058242.SRX022222.SRR058085	1928.SRS058495.SRX020687.SRR048687	1928.SRS058746.SRX019681.SRR040932	1928.SRS058791.SRX020665.SRR046292	1928.SRS062468.SRX020579.SRR049558	1928.SRS062517.SRX022237.SRR058114	1928.SRS062615.SRX022237.SRR058114	1928.SRS062618.SRX020689.SRR048784	1928.SRS062886.SRX020689.SRR048838	1928.SRS062994.SRX020579.SRR049564	1928.SRS063318.SRX022237.SRR058114	1928.SRS063383.SRX022221.SRR058084	1928.SRS063383.SRX022222.SRR058085	1928.SRS063481.SRX022222.SRR058085	1928.SRS063509.SRX020689.SRR048859	1928.SRS063513.SRX020528.SRR046892	1928.SRS063628.SRX022237.SRR058114	1928.SRS063829.SRX020579.SRR047079	1928.SRS064079.SRX020528.SRR046812	1928.SRS064281.SRX020665.SRR047671	1928.SRS064291.SRX020528.SRR046902	1928.SRS064595.SRX022237.SRR058114	1928.SRS064672.SRX022221.SRR058084	1928.SRS064672.SRX022227.SRR058090	1928.SRS064707.SRX020689.SRR048802	1928.SRS064713.SRX020528.SRR046744	1928.SRS064733.SRX020689.SRR048820	1928.SRS064792.SRX020579.SRR049540	1928.SRS064910.SRX020579.SRR049586	1928.SRS065037.SRX020528.SRR049518	1928.SRS065151.SRX020665.SRR046318	1928.SRS065172.SRX022237.SRR058114	1928.SRS065236.SRX020528.SRR049489	1928.SRS065336.SRX020528.SRR046567	1928.SRS065435.SRX020579.SRR047090	1928.SRS065630.SRX020579.SRR049573	1928.SRS065634.SRX020684.SRR048425
Root;Bacteria;Campylobacterota;Campylobacteria;Campylobacterales;Campylobacteraceae;Campylobacter_B;Campylobacter_B_gracilis	JQ471841.1.1372	0	0	0	0	3	0	0	0	0	0	0	0	0	0	0	0	0	0	0	0	0	1	0	0	1	0	0	0	0	0	0	0	0	0	0	0	0	0	0	0	0	0	0	0	0	0	0	0	0	0	0	0	0	0	0	0	0	0	0	0	0	0	0	0	0	0	0	0	0	0	0	0	0	0	0	0	0	0	0	0	0	0	0	0	0	0	0	0	0	0	0	0	0	1	0	0	0	0	0	0	0	0	0	0	0	0	0	0	0	0	0	0	0	0	0	0	0	0	0	0	0	0	0	0	0	0	0	0	0	0	0	0	0	1	0	0	0	0	1	0	0	0	0	0	0	1	0	0	0	0	0	0	0	0	0	0	0	0	0	0	0	0	0	0	0	0	0	0	0	0	0	0	0	0	0	0	0	0	0	0	0	0	0	0	0	0	0	0	0	0	0	0	0	0	0	0	0	0	0	0	0	0	0	0	0	0	0	0	0	0	0	0	0	0	0	0	0	0	0	0	0	0	0	0	0	0	0	0	0	0	0	0	1	0	0	0	0	0	0	0	0	0	0	0	0	1	0	0	0	0	0	0	0	0	0	0	0	0	0	0	0	0	0	0	0	0	0	0	0	0	0	0	0	0	0	0	0	0	0	0	0	0	0	0	0	0	0	0	0	0	0	0	0	0	0	0	0	0	0	0	0	0	0	0	0	0	0	0	0	0	0	0	0	0	0	0	0	0	0	0	0	0	0	0	0	0	0	0	0	0	0	0	0	0	0	0	0	0	0	0	0	0	0	0	0	0	0	0	0	0	0	0	0	0	0	0	0	0	0	0	1	0	0	0	0	0	0	0	0	0	0	0	0
Root;Bacteria;Campylobacterota;Campylobacteria;Campylobacterales;Campylobacteraceae;Campylobacter_A;Campylobacter_A_curvus	AF550650.1.1555	1	1	0	0	0	0	11	10	0	0	0	0	0	0	0	0	0	0	0	0	0	0	0	0	0	0	0	0	0	0	0	0	2	0	1	0	0	0	3	0	0	0	0	0	7	0	0	0	1	0	0	0	21	0	0	0	0	0	0	0	0	0	6	7	0	0	3	0	0	0	0	0	0	0	0	0	0	0	0	0	0	0	0	0	0	0	4	0	0	0	0	6	1	3	0	0	0	0	0	0	0	0	1	0	0	0	0	0	0	0	1	7	0	0	0	0	0	0	0	0	0	5	0	0	5	3	0	0	0	0	0	0	1	0	0	0	0	2	0	0	0	0	0	0	0	0	0	0	0	0	0	0	0	0	0	0	0	0	0	0	0	0	1	0	0	0	0	0	0	0	0	0	0	2	0	0	1	0	0	0	0	0	0	0	0	0	0	0	0	0	0	0	0	0	0	0	0	0	0	0	2	2	0	0	0	0	0	0	0	0	0	0	0	12	0	0	0	0	0	0	0	0	0	0	0	0	2	0	0	0	1	0	2	0	0	0	0	0	0	0	0	0	0	0	1	0	0	0	0	0	0	0	0	0	0	0	0	0	1	1	0	0	0	0	0	0	0	0	0	0	0	0	0	0	0	0	0	0	0	0	0	0	0	0	0	0	0	0	0	0	0	0	0	0	0	19	0	0	0	0	0	0	0	0	1	0	1	0	0	0	0	0	0	0	0	1	0	0	0	0	0	0	0	0	2	0	0	0	0	0	1	0	0	0	0	0	0	2	2	0	0	0	0	0	0	1	0	0	0	0	0	0	0	0	0	0	2	0	0	0	0	1	2	0	0	0	0	0	0	0	0	2	0
Root;Bacteria;Campylobacterota;Campylobacteria;Campylobacterales;Campylobacteraceae;Campylobacter_B;Campylobacter_B_gracilis	HQ744818.1.1425	4	5	1	1	6	6	4	5	0	2	3	2	1	0	1	3	1	1	1	4	0	0	1	1	1	0	0	2	1	1	0	0	0	0	1	0	0	0	0	2	0	0	0	0	2	0	1	0	10	3	0	4	0	0	0	0	0	2	0	0	1	1	6	2	5	2	0	2	0	0	0	0	1	0	3	3	2	4	5	0	2	1	0	1	0	6	3	0	3	1	0	3	0	1	0	0	0	4	0	1	0	0	1	0	1	0	1	0	0	2	0	3	3	0	0	0	2	0	1	0	0	1	0	0	0	0	1	0	0	0	0	0	0	1	0	0	5	0	2	0	0	0	0	0	0	1	0	0	0	0	0	0	1	0	0	0	0	0	0	0	0	0	0	2	2	0	0	0	1	6	0	0	0	0	0	1	0	0	0	0	0	0	0	1	0	0	0	0	0	0	1	3	2	0	0	0	0	0	0	1	5	3	0	1	0	1	4	1	0	2	0	2	1	1	0	0	10	6	1	4	2	0	0	0	1	0	2	1	11	1	0	4	2	1	2	0	1	0	0	0	0	0	0	1	3	2	6	0	0	0	0	0	0	0	0	2	0	1	3	3	0	0	5	1	0	0	0	0	0	0	0	0	2	0	0	0	1	1	5	2	11	1	0	0	0	0	3	1	4	0	0	0	0	0	8	1	0	0	1	0	0	0	2	0	1	1	1	2	0	0	0	3	0	0	1	0	0	0	0	10	1	0	1	0	2	0	1	0	0	0	1	0	0	1	1	1	0	0	4	0	0	0	0	2	0	1	0	0	0	0	8	0	0	0	1	3	2	0	0	0	1	1	3	3	5	2	0	0	0	2	10	1	4
Root;Bacteria;Campylobacterota;Campylobacteria;Campylobacterales;Campylobacteraceae;Campylobacter_B;Campylobacter_B_gracilis	JQ468963.1.1376	22	27	16	19	36	44	18	22	22	28	17	24	10	7	30	33	12	11	21	23	14	15	6	0	29	5	5	11	14	64	0	17	5	41	26	0	20	51	4	74	0	0	0	17	51	4	31	12	76	77	32	187	0	0	0	0	7	22	0	8	55	19	49	41	75	66	29	62	41	8	1	10	13	21	46	48	17	30	29	0	28	23	0	4	46	52	47	5	57	44	0	16	18	16	5	0	0	8	0	44	1	51	12	29	7	35	44	0	0	30	1	36	34	4	11	0	36	0	8	7	0	100	2	1	4	4	46	0	2	0	7	46	0	24	1	35	60	68	8	0	5	0	5	11	0	17	0	4	0	0	0	0	7	0	0	0	1	1	0	1	0	0	36	31	34	0	3	0	0	216	27	0	1	5	0	0	0	0	39	0	1	0	10	13	1	0	2	0	1	0	48	44	83	0	11	22	0	0	0	30	118	107	33	7	0	0	52	1	33	20	25	7	23	21	47	0	57	73	28	25	21	0	2	0	34	0	26	60	72	0	0	23	38	0	37	0	35	0	0	0	0	0	0	87	43	80	108	51	2	4	7	4	0	0	1	20	1	11	78	52	0	0	8	11	0	0	0	0	1	9	0	2	12	9	19	0	20	56	101	34	100	14	6	0	15	1	136	13	58	11	1	0	0	0	98	1	1	20	14	9	0	0	42	1	5	61	44	23	0	0	0	27	39	27	42	0	0	0	0	48	24	15	103	10	15	0	31	18	0	0	42	0	12	13	24	34	0	25	32	17	12	0	0	12	1	44	0	0	0	0	103	12	0	11	3	60	73	0	1	0	11	35	20	90	38	29	8	0	0	30	47	4	168
Root;Bacteria;Campylobacterota;Campylobacteria;Campylobacterales;Campylobacteraceae;Campylobacter_A;Campylobacter_A_curvus	CP000767.1788521.1790233	0	0	0	0	0	0	0	0	0	0	4	0	0	0	0	0	0	0	2	2	0	0	0	0	1	0	0	0	0	0	0	1	0	0	0	0	0	4	0	0	0	0	0	0	0	0	0	0	3	0	0	0	1	0	0	0	0	1	0	0	0	0	2	0	0	0	0	0	0	0	0	0	0	0	0	0	0	0	0	0	6	1	0	0	1	0	1	0	0	0	0	0	0	0	0	0	0	0	0	0	0	0	1	0	0	0	0	0	0	0	0	1	0	0	0	0	0	0	0	0	0	0	0	0	0	0	0	0	0	0	0	0	0	0	0	0	0	1	0	0	0	0	0	0	0	0	0	0	0	0	0	0	0	0	0	0	0	0	0	0	0	0	0	0	3	0	0	0	0	0	0	0	0	0	0	0	0	0	0	0	0	0	0	0	0	0	0	0	0	0	1	0	1	0	0	0	0	0	0	0	1	0	0	0	0	0	0	0	0	0	0	0	0	0	0	0	0	0	0	0	0	0	0	0	0	0	0	0	0	0	0	0	1	0	0	0	0	0	0	0	0	0	1	0	0	0	0	3	0	0	0	0	0	0	0	0	0	0	0	0	0	0	0	0	0	0	0	0	0	0	0	0	0	7	0	0	1	0	0	0	0	1	0	0	0	0	0	0	0	1	1	0	0	0	1	12	0	4	0	0	0	0	2	0	0	0	0	0	0	0	0	0	0	19	22	0	0	0	0	0	0	0	0	0	0	0	0	0	0	0	1	0	0	0	0	0	0	0	2	0	0	0	0	0	0	0	0	0	0	0	0	0	0	0	0	0	0	0	0	0	0	0	1	0	0	1	0	0	0	0	0	0	0
Root;Bacteria;Proteobacteria;Alphaproteobacteria;Rhodobacterales;Rhodobacteraceae;Paracoccus;unclassified_Paracoccus	JX075109.1.1227	0	0	0	0	0	0	0	0	0	0	0	0	0	0	0	0	0	0	0	0	0	0	0	0	0	0	0	0	0	0	0	0	0	0	0	0	0	0	0	0	0	0	0	0	0	0	0	0	0	0	0	0	0	0	1	0	0	0	0	0	0	0	0	0	0	0	0	0	0	0	0	0	0	0	0	0	0	0	0	0	0	0	0	0	0	0	0	0	0	0	0	0	0	0	0	0	0	0	0	0	0	0	0	0	0	0	0	0	0	0	0	0	0	0	0	0	0	0	0	0	0	0	0	0	0	0	0	0	0	0	0	0	0	0	0	0	0	0	0	0	0	0	0	0	0	0	0	0	0	0	0	0	0	0	0	0	0	0	0	0	0	0	0	0	0	0	0	0	0	0	0	0	0	0	0	0	0	0	0	0	0	0	0	0	0	0	0	0	0	0	0	0	0	0	0	0	0	0	0	0	0	0	0	0	0	0	0	0	0	0	0	0	0	0	0	0	0	0	0	0	0	0	0	0	0	0	0	0	0	0	0	0	0	0	0	0	0	0	0	0	0	0	0	0	0	0	0	0	0	0	0	0	0	0	0	0	0	0	0	0	0	0	0	0	0	0	0	0	0	0	0	0	0	0	0	0	0	0	0	0	0	0	0	0	0	0	0	0	0	0	0	0	0	0	0	0	0	0	0	0	0	0	0	0	0	0	0	0	0	0	0	0	0	0	0	0	0	0	0	0	0	0	0	0	0	0	0	0	0	0	0	0	0	0	0	0	0	0	0	0	0	0	0	0	0	0	0	0	0	0	0	0	0	0	0	0	0	0	0	0	0	0	0	0	0	0	0	0	0	0	0	0	0
Root;Bacteria;Proteobacteria;Gammaproteobacteria;Xanthomonadales;Xanthomonadaceae;Stenotrophomonas;unclassified_Stenotrophomonas	EU535719.1.1397	0	0	0	0	0	0	0	0	0	0	0	0	0	0	0	0	0	0	0	0	0	0	0	0	0	0	0	0	0	0	0	0	0	0	0	0	0	0	0	0	0	0	0	0	0	0	0	0	0	0	0	0	0	0	0	0	0	0	0	0	0	0	0	0	0	0	0	0	0	0	0	0	0	0	0	0	0	0	0	0	0	0	0	0	0	0	0	0	0	0	0	0	0	0	0	0	0	0	0	0	0	0	0	0	0	0	0	0	0	0	0	0	0	0	0	0	0	0	0	0	0	0	0	0	0	0	0	0	0	0	0	0	0	0	0	0	0	0	0	0	0	0	0	0	0	0	0	0	0	0	0	0	0	0	0	0	0	0	0	0	0	0	0	0	0	0	0	0	0	0	0	0	0	0	0	0	0	0	0	0	0	0	0	0	0	0	0	0	0	0	0	0	0	0	0	0	0	0	0	0	0	0	0	0	0	0	0	0	0	0	0	0	0	0	0	0	0	0	0	0	0	0	0	0	0	0	0	0	0	0	0	0	0	0	0	0	0	0	0	0	0	0	0	0	0	0	0	0	0	0	4	0	0	0	0	0	0	0	0	0	0	0	0	0	5	0	0	0	0	0	0	0	0	0	0	0	0	0	0	0	0	0	0	0	0	0	0	0	0	0	0	0	0	0	0	0	0	0	0	0	0	0	0	0	0	0	0	0	0	0	0	0	0	0	0	0	0	0	0	0	0	0	0	0	0	0	0	0	0	0	0	0	0	0	0	0	0	0	0	0	0	0	0	0	0	0	0	0	0	0	0	0	0	0	0	0	0	0	0	0	0	0	0	0	0	0	0	0	0	0	0	0	0
Root;Bacteria;Proteobacteria;Gammaproteobacteria;Xanthomonadales;Xanthomonadaceae;Stenotrophomonas;unclassified_Stenotrophomonas	JX392999.1.1443	0	0	0	0	0	0	0	0	0	0	0	0	0	0	0	0	0	0	0	0	0	0	0	0	0	0	0	0	0	0	0	0	0	0	0	0	0	0	0	0	0	0	0	0	0	0	0	0	0	0	0	0	0	0	0	0	0	0	0	0	0	0	0	0	0	0	0	0	0	0	0	0	0	0	0	0	0	0	0	0	0	0	0	0	0	0	0	0	0	0	0	0	0	0	0	0	0	0	0	0	0	0	0	0	0	0	0	0	0	0	0	0	0	0	0	0	0	0	0	0	0	0	0	0	0	0	0	0	0	0	0	0	0	0	0	0	0	0	0	0	0	0	2	0	0	0	0	0	0	0	0	0	0	0	0	0	0	0	0	0	0	0	0	0	0	0	0	0	0	0	0	0	0	0	0	0	0	0	0	0	0	0	0	0	0	0	0	0	0	0	0	0	0	0	0	0	0	0	0	0	0	0	0	0	0	0	0	0	0	0	0	0	0	0	0	0	0	0	0	0	0	0	0	0	0	0	0	0	0	0	0	0	0	0	0	0	0	0	0	0	0	0	0	0	0	0	0	0	0	0	0	0	0	0	0	0	0	0	0	0	0	0	0	0	0	0	0	0	0	0	0	0	0	0	0	0	0	0	0	0	0	0	0	0	0	0	0	0	0	0	0	0	0	0	0	0	0	0	0	0	0	0	0	0	0	0	0	0	0	0	0	0	0	0	0	0	0	0	0	0	0	0	0	0	0	0	0	0	0	0	0	0	0	0	0	0	0	0	0	0	0	0	0	0	0	0	0	0	0	0	0	0	0	0	0	0	0	0	0	0	0	0	0	0	0	0	0	0	0	0	0	0	0
Root;Bacteria;Proteobacteria;Gammaproteobacteria;Xanthomonadales;Xanthomonadaceae;Stenotrophomonas;unclassified_Stenotrophomonas	DQ912808.1.1449	0	0	0	0	0	0	0	0	0	1	0	0	0	0	0	0	0	0	0	0	0	0	0	0	0	0	0	0	0	0	0	0	0	0	0	0	0	0	0	0	0	0	0	0	0	0	0	0	0	0	0	0	0	0	0	0	0	0	0	0	0	0	0	0	0	0	0	0	0	0	0	0	0	0	0	0	0	0	0	0	0	0	0	1	0	0	0	0	0	0	0	0	0	0	0	0	0	0	0	0	0	0	0	0	0	0	0	0	0	0	0	0	0	0	0	0	0	0	0	0	0	0	0	0	0	0	0	0	0	0	0	0	0	0	0	0	0	0	0	0	0	0	4	0	0	0	0	0	0	0	0	0	0	0	0	0	0	0	0	0	0	0	0	0	0	0	0	0	0	0	0	0	0	0	0	0	0	0	0	0	0	0	0	0	0	0	0	0	0	0	0	0	0	0	0	0	0	0	0	0	0	0	0	0	0	0	0	0	0	0	0	0	0	0	0	0	0	0	0	0	0	0	0	0	0	0	0	0	0	0	0	0	0	0	0	0	0	0	0	0	0	0	0	0	0	0	0	0	0	0	1	0	0	0	0	0	0	0	0	0	0	0	0	0	0	0	0	0	0	0	0	0	0	0	0	0	0	0	0	0	0	0	0	0	0	0	0	0	0	0	0	0	0	0	0	0	0	0	0	0	0	0	0	0	0	0	0	0	0	0	0	0	0	0	0	0	0	0	0	0	0	0	0	0	0	0	0	0	0	0	0	0	0	0	0	0	0	0	0	0	0	0	0	0	0	0	0	0	0	0	0	0	0	0	0	0	0	0	0	0	0	0	0	0	0	0	0	0	0	0	0	0	0
Root;Bacteria;Proteobacteria;Gammaproteobacteria;Xanthomonadales;Xanthomonadaceae;Stenotrophomonas;unclassified_Stenotrophomonas	KF254497.1.1421	0	0	0	0	0	0	0	0	0	0	0	0	0	0	0	0	0	0	0	0	0	0	0	0	0	0	0	0	0	0	0	0	0	0	0	0	0	0	0	0	0	0	0	0	0	0	0	0	0	0	0	0	0	0	0	0	0	0	0	0	0	0	0	0	0	0	0	0	0	0	0	0	0	0	0	0	0	0	0	0	0	0	0	0	0	0	0	0	0	0	0	0	0	0	0	0	0	0	0	0	0	0	0	0	0	0	0	0	0	0	0	0	0	0	0	0	0	0	0	0	0	0	0	0	0	0	0	0	0	0	0	0	0	0	0	0	0	0	0	0	0	0	4	0	0	0	0	0	0	0	0	0	0	0	0	0	0	0	0	0	0	0	0	0	0	0	0	0	0	0	0	0	0	0	0	0	0	0	0	0	0	0	0	0	0	0	0	0	0	0	0	0	0	0	0	0	0	0	0	0	0	0	0	0	0	0	0	0	0	0	0	0	0	0	0	0	0	0	0	0	0	0	0	0	0	0	0	0	0	0	0	0	0	0	0	0	0	0	0	0	0	0	0	0	0	0	0	0	0	0	0	0	0	0	0	0	0	0	0	0	0	0	0	0	0	0	0	0	0	0	0	0	0	0	0	0	0	0	0	0	0	0	0	0	0	0	0	0	0	0	0	0	0	0	0	0	0	0	0	0	0	0	0	0	0	0	0	0	0	0	0	0	0	0	0	0	0	0	0	0	0	0	0	0	0	0	0	0	0	0	0	0	0	0	0	0	0	0	0	0	0	0	0	0	0	0	0	0	0	0	0	0	0	0	0	0	0	0	0	0	0	0	0	0	0	0	0	0	0	0	0	0	0
Root;Bacteria;Campylobacterota;Campylobacteria;Campylobacterales;Campylobacteraceae;Campylobacter_B;Campylobacter_B_gracilis	JQ476855.1.1374	0	0	0	1	0	1	1	2	0	0	0	0	0	0	0	1	0	0	0	0	1	0	0	0	0	0	0	0	0	1	0	0	0	0	0	0	0	1	0	1	0	0	0	0	0	0	0	0	2	0	0	0	0	0	0	0	0	0	0	0	0	0	0	0	0	0	0	1	0	0	0	0	0	0	1	0	0	0	0	0	0	0	0	0	1	0	1	0	1	0	0	0	0	0	0	0	0	0	0	0	0	0	2	0	0	0	0	0	0	0	0	0	0	0	0	0	0	0	0	0	0	0	0	0	0	0	0	0	0	0	0	0	0	0	0	0	0	0	0	0	0	0	0	0	0	0	0	0	0	0	0	0	1	0	0	0	0	0	0	0	0	0	0	0	0	0	0	0	0	0	0	0	0	0	0	0	0	0	0	0	0	0	0	0	0	0	0	0	0	0	0	1	0	0	0	0	0	0	0	0	0	0	0	2	0	0	0	0	1	0	0	0	0	0	0	0	0	3	0	0	1	0	0	0	0	0	0	0	1	0	0	0	0	0	0	0	0	0	0	0	1	0	0	1	1	1	2	0	0	0	0	0	0	0	0	0	0	1	2	1	0	0	0	0	0	0	0	0	0	0	0	0	2	0	0	0	0	0	0	0	0	1	0	0	1	0	0	0	0	0	0	0	0	0	2	0	0	0	0	0	0	0	1	0	0	0	0	0	0	0	0	0	0	0	0	0	0	0	0	0	2	0	0	0	0	0	0	0	0	0	0	0	0	0	0	0	0	0	0	0	0	0	0	0	0	0	0	0	0	0	2	0	0	0	0	0	0	0	0	0	1	0	0	0	1	0	0	0	0	0	3	0	1
Root;Bacteria;Proteobacteria;Gammaproteobacteria;Xanthomonadales;Xanthomonadaceae;Stenotrophomonas;unclassified_Stenotrophomonas	HM314278.1.1366	0	0	0	0	0	0	0	0	0	0	0	0	0	0	0	0	0	0	0	0	0	0	0	0	0	0	0	0	0	0	0	0	0	0	0	0	0	0	0	0	0	0	0	0	0	0	0	0	0	0	0	0	0	0	0	0	0	0	0	0	0	0	0	0	0	0	0	0	0	0	0	0	0	0	0	0	0	0	0	0	0	0	0	0	0	0	0	0	0	0	0	0	0	0	0	0	0	0	0	0	0	0	0	0	0	0	0	0	0	0	0	0	0	0	0	0	0	0	0	0	0	0	0	0	0	0	0	0	0	0	0	0	0	0	0	0	0	0	0	0	0	0	0	0	0	0	0	0	0	0	0	0	0	0	0	0	0	0	0	0	0	0	0	0	0	0	0	0	0	0	0	0	0	0	0	0	0	0	0	0	0	0	0	0	0	0	0	0	0	0	0	0	0	0	0	0	0	0	0	0	0	0	0	0	0	0	0	0	0	0	0	0	0	0	0	0	0	0	0	0	0	0	0	0	0	0	0	0	0	0	0	0	0	0	0	0	0	0	0	0	0	0	0	0	0	0	0	0	0	0	2	0	0	0	0	0	0	0	0	0	0	0	0	0	0	0	0	0	0	0	0	0	0	0	0	0	0	0	0	0	0	0	0	0	0	0	0	0	0	0	0	0	0	0	0	0	0	0	0	0	0	0	0	0	0	0	0	0	0	0	0	0	0	0	0	0	0	0	0	0	0	0	0	0	0	0	0	0	0	0	0	0	0	0	0	0	0	0	0	0	0	0	0	0	0	0	0	0	0	0	0	0	0	0	0	0	0	0	0	0	0	0	0	0	0	0	0	0	0	0	0	0	0
Root;Bacteria;Proteobacteria;Gammaproteobacteria;Burkholderiales;Burkholderiaceae;Diaphorobacter;Diaphorobacter_nitroreducens	HQ681980.1.1394	0	0	0	0	0	0	0	0	0	0	0	0	0	0	0	0	0	0	0	0	0	0	0	0	0	0	0	0	0	0	0	0	0	0	0	0	0	0	0	0	0	0	0	0	0	0	0	4	0	0	3	0	0	0	0	0	0	0	0	0	0	0	0	0	0	0	3	0	0	0	0	0	0	0	0	0	0	0	0	0	0	0	0	0	0	0	0	0	0	0	0	0	0	0	0	0	0	0	0	0	0	0	0	0	0	0	0	0	0	0	0	0	0	0	0	0	0	0	0	1	0	0	0	0	0	0	2	0	0	0	0	0	0	0	0	0	0	0	0	0	0	0	0	0	0	0	0	0	0	1	0	0	0	0	0	0	0	0	0	0	0	0	0	0	0	0	0	0	0	0	0	0	0	0	0	0	0	0	0	0	0	0	0	0	0	0	0	0	0	0	0	0	0	0	0	0	0	0	0	4	0	0	0	0	0	0	0	0	0	0	0	0	0	0	0	0	0	0	0	0	0	0	0	0	0	0	0	0	0	0	0	0	0	0	0	0	0	0	0	0	0	0	0	0	0	0	0	0	0	0	0	0	0	0	0	0	0	0	0	0	0	0	0	0	0	0	0	0	0	0	0	0	0	0	0	0	0	0	0	1	0	0	0	0	0	0	0	0	0	0	0	0	0	0	0	0	0	0	0	0	0	0	0	0	0	0	0	0	0	0	0	0	0	0	0	0	0	0	0	0	0	0	0	0	0	0	0	0	0	0	0	0	0	0	0	0	0	0	0	0	0	0	0	0	0	0	0	0	0	0	0	0	0	0	0	0	0	0	0	0	0	0	0	0	0	0	0	0	0	0	0	13	0
Root;Bacteria;Proteobacteria;Alphaproteobacteria;Rhodobacterales;Rhodobacteraceae;Paracoccus;Paracoccus_solventivorans	AY014175.1.1450	0	0	0	0	0	0	0	0	0	0	0	0	0	0	0	0	0	0	0	0	0	0	0	0	0	0	0	0	0	0	0	0	0	0	0	0	0	0	0	0	0	0	0	0	0	0	0	0	0	0	0	0	0	0	0	0	0	0	0	0	0	0	0	0	0	0	0	0	0	0	0	0	0	0	0	0	0	0	0	0	0	0	0	0	0	0	0	0	0	0	0	0	0	0	0	0	0	0	0	0	0	0	0	0	0	0	0	0	0	0	0	0	0	0	0	0	0	0	0	0	0	0	0	0	0	0	0	0	0	0	0	0	0	0	0	0	0	0	0	0	0	0	0	0	0	0	0	0	0	0	0	0	0	0	0	0	0	0	0	0	0	0	0	0	0	0	0	0	0	0	0	0	0	0	0	0	0	0	0	0	0	0	0	0	0	0	0	0	0	0	0	0	0	0	0	0	0	0	0	0	0	0	0	0	0	0	0	0	0	0	0	0	0	0	0	0	0	0	0	0	0	0	0	0	0	0	0	0	0	0	0	0	0	0	0	0	0	0	0	0	0	0	0	0	0	0	0	0	0	0	0	0	0	0	0	0	0	0	0	0	0	0	0	0	0	0	0	0	0	0	0	0	0	0	0	0	0	0	0	0	0	0	0	0	0	0	0	0	0	0	1	0	0	0	0	0	0	0	0	0	0	0	0	0	0	0	0	0	0	0	0	0	0	0	0	0	0	0	0	0	0	0	0	0	0	0	0	0	0	0	0	0	0	0	0	0	0	0	0	0	0	0	0	0	0	0	0	0	0	0	0	0	0	0	0	0	0	0	0	0	0	0	0	0	0	0	0	0	0	0	0	0	0
